XYZ to RGB
{{3.240479, -1.537150, -0.498535},{-0.969256, 1.875992, 0.041556},{0.055648, -0.204043, 1.057311}}

RGB to XYZ
{{0.412453, 0.357580, 0.180423},{0.212671, 0.715160, 0.072169},{0.019334, 0.119193, 0.950227}}

XYZ to LMS
{{0.4002, 0.7076, -0.0808},{-0.2263, 1.1653, 0.0457}, {0, 0, 0.9182}}

LMS to XYZ
{{1.86007, -1.12948, 0.219898}, {0.361223, 0.638804, 0}, {0., 0., 1.08909}}



RGB to LMS = XYZ to LMS * RGB to XYZ
{{0.313988, 0.63952, 0.0464937}, {0.155371, 0.757903, 0.0866942}, {0.0177525, 0.109443, 0.872498}}

(0.313988 | 0.63952 | 0.0464937
0.155371 | 0.757903 | 0.0866942
0.0177525 | 0.109443 | 0.872498)

LMS to RGB =
Inverse[{{0.313988, 0.63952, 0.0464937}, {0.155371, 0.757903, 0.0866942}, {0.0177525, 0.109443, 0.872498}}]

(5.47226 | -4.642 | 0.169638
-1.12523 | 2.29314 | -0.167893
0.029802 | -0.193194 | 1.16374)